127058
111456
125010
125012
125008
111108
141143
141105
141286
141001
125004
111070
111039
111347
111479
111474
111103
111127
711265
111073
111056
111069
111075
111003
111125
111078
111176
111470
111101
111004
142001
111037
111038
111453
111378
111067
111098
111309
111118
111097
111005
111373
146001
111216
111214
111006
111049
148302
148089
148033
148184
148307
148046
141004
141005
141006
141008
141012
141106
141010
141141
141009
141017
141130
148308
147168
147001
147165
147042
147044
147025
147120
147026
147052
111007
142003
141574
141139
141398
141055
141073
141635
141555
141388
141546
141123
141059
141631
141124
141150
141140
141018
141126
141072
141125
111008
141591
126159
146002
146003
144043
144014
111045
130023
141080
141561
141405
141155
141019
129001
129005
129223
129190
129002
146025
146049
146050
146024
146042
146177
129225
129131
124010
124009
129222
129004
124003
124004
124008
124012
129219
124001
141235
141576
141236
141114
141512
124002
129221
124011
124005
111036
143001
141129
146005
146040
111489
111099
111009
141020
141070
141225
111502
111126
147062
147119
147029
147051
147038
141118
130022
111305
125013
50001
145121
145002
145122
145029
141135
111471
111235
111500
111062
144041
144046
143017
111077
111113
111040
111434
124007
141239
148180
111100
148038
146007
111179
141599
111010
111180
141137
141568
141176
141146
141035
141091
141521
141536
141401
141175
141585
141071
146006
148055
111482
126160
111047
111058
111022
130012
141083
147167
143002
143094
143019
111302
127093
127099
127001
127012
127005
127002
127081
146008
142050
144034
144062
144023
127087
127049
127009
127084
127088
127086
127094
127011
127095
127098
122001
122009
122011
122002
122003
122008
122007
111083
127091
111443
144032
130007
125002
111208
111129
111457
111011
111041
111189
111448
111445
111065
111012
711427
141089
141022
141160
111013
111102
142089
142034
142037
130006
111454
128107
111086
111467
111014
111031
111462
142006
141389
146010
146011
145037
143064
111111
142007
111383
143010
123001
148008
148300
111236
111490
146013
141390
146012
143003
126156
121020
126152
121018
121026
126032
121019
126023
126151
121021
126158
126146
121023
121091
121022
126147
126155
121025
121006
121024
126153
126143
121014
126015
126008
126144
126134
126154
126025
121002
121003
121015
121004
121005
121007
121008
121011
121012
121010
126024
121013
126157
126014
141065
141248
141583
141315
141056
141321
141559
141043
141603
141584
141535
141115
141151
128040
128057
128035
128056
128085
128007
111485
111439
142035
125001
111465
142008
144029
111307
141556
143129
149022
111051
111016
144025
111314
111017
111466
111476
111377
111493
111503
111301
111121
141142
741042
141518
141623
141052
141601
141060
141484
141069
141053
141258
141231
141548
141588
111068
111035
111119
111344
111499
111076
111442
111487
111044
111063
144011
111114
111173
111191
142010
142009
142106
111052
328015
111174
130013
111435
111030
111117
111259
111472
127085
127096
127018
127072
127013
127017
127019
141595
141551
141537
141612
141596
141138
141550
141092
141093
141025
141061
141557
141024
141549
141301
141542
141552
141572
111182
141079
145140
146118
146014
146120
146175
146034
146068
141245
141260
141045
131496
141609
141632
141316
141314
141199
141562
141280
141066
125011
111496
111048
111468
144045
144024
144037
144038
144174
144172
147163
147030
125005
141567
141051
141032
141133
141563
141482
141252
141134
141554
141050
141481
141508
141327
141099
141290
141289
141294
141168
141547
141571
141027
141095
141538
141263
141573
141077
141132
141036
141047
111107
131076
141404
142011
148301
148041
148122
142012
111478
141323
141581
141098
141154
141545
141037
141605
141558
141217
111015
141282
141261
141109
141128
141011
141317
111220
146036
146038
146026
146045
146179
146015
146052
111444
141600
141054
141331
141586
141013
141117
146016
143004
111018
146017
142013
128098
147034
144136
141540
141174
141158
141014
141264
141127
146041
143005
143078
111128
145038
145134
145025
145118
111473
111019
125006
141038
131017
131072
131074
131002
131001
131003
131079
131056
131019
131005
148014
131080
148015
148018
147107
130026
142014
142015
111085
111464
130028
141628
125007
111160
111458
111042
111491
111124
111110
111452
143006
147053
141237
141039
141120
141597
141131
141627
141119
141075
141582
141625
141029
141594
141166
141068
141539
127090
145024
145095
145116
145042
145144
142016
128001
128102
128008
128055
128024
128061
128017
128015
128046
123009
123002
123003
123004
123010
123005
123006
128010
123007
130008
111115
111495
111140
141593
146018
111492
148042
146019
146059
146126
145075
145142
145018
145150
145035
145051
145039
145131
145017
145030
145139
145097
145145
111020
111380
142017
149013
149002
149017
149012
149015
149011
149006
149014
149008
149005
149018
149016
149019
143015
143007
111192
111021
111188
147057
141149
111116
111060
111034
111311
141057
143008
143016
143122
146020
144168
148084
130010
148086
148068
148040
148047
148022
143009
143077
143076
144061
144071
144036
144142
144039
144047
144016
142018
141564
128096
128097
111437
143128
143023
143060
143086
143022
143029
143123
143063
143126
143020
143027
143028
111120
144068
142019
142021
142039
142020
142040
142045
142041
142043
142110
144173
144001
144002
144004
144009
144040
144015
144003
144005
144006
144007
144008
144020
144010
144013
144012
144021
144017
144018
144019
143013
143014
143012
147075
147127
147134
148039
142023
142030
142112
148100
148044
148238
141169
141082
130004
142024
142115
142042
142097
142036
141598
141031
141589
141084
141514
141513
141103
141580
141569
141016
141110
141172
141520
141094
141333
147061
147073
147157
147037
147036
147059
141606
111215
149023
125003
146021
146022
146039
146069
111123
130009
144170
111252
142025
141042
141611
141624
141283
141578
141170
141241
141088
141233
141076
141621
141403
141519
141575
141048
146023
148054
142026
142027
111446
141541
